512
9.760212898254395
0.38353314995765686
-0.12320436537265778
0.12584370374679565
0.004795927554368973
-0.018865499645471573
-0.026884548366069794
-0.16261234879493713
-0.07732991874217987
0.0812060758471489
0.003939427435398102
0.008780457079410553
-0.12659211456775665
-0.13149753212928772
-0.0350426509976387
0.03846859186887741
0.09303294122219086
0.009585730731487274
0.028079219162464142
0.2276383340358734
-0.1663665473461151
-0.32792720198631287
-0.14857925474643707
0.26532286405563354
0.0017836317420005798
0.1500890851020813
0.15723858773708344
-0.09306154400110245
-0.08266517519950867
-0.025791320949792862
-0.34322232007980347
0.14250874519348145
-0.2861570119857788
0.004186883568763733
0.18764549493789673
-0.35051342844963074
-0.4431523084640503
-0.27970343828201294
-0.22782038152217865
-0.13451075553894043
0.018609821796417236
-0.05678612366318703
0.05695474147796631
0.27778711915016174
0.02512955665588379
-0.2299427092075348
0.0755876824259758
0.14141814410686493
-0.15542207658290863
0.09628791362047195
0.27378398180007935
-0.10539694130420685
0.08617095649242401
-0.43125176429748535
0.10439148545265198
0.05523543804883957
-0.1926208883523941
-0.01853242516517639
-0.23861242830753326
-0.15969811379909515
-0.0380539670586586
-0.1532486528158188
-0.2266893833875656
0.0036161839962005615
0.15822254121303558
0.22832931578159332
0.11276717483997345
-0.2558334171772003
0.006817612797021866
0.18788926303386688
0.010175272822380066
-0.09277234971523285
0.13538697361946106
0.16447550058364868
0.006995689123868942
-0.12257841229438782
0.03652007877826691
0.2722476124763489
-0.020692821592092514
-0.041035838425159454
-0.02720554918050766
-0.16023990511894226
0.06078006327152252
0.05444613844156265
0.2813764214515686
0.17118039727210999
-0.08333835005760193
0.4883471131324768
-0.1481693685054779
-0.10382746160030365
0.030652057379484177
-0.4663659930229187
-0.07782512903213501
-0.0950268805027008
-0.3103499710559845
0.041792839765548706
-0.21264591813087463
0.007158983498811722
-0.2289513647556305
-0.11917936056852341
0.14812612533569336
-0.20709748566150665
0.1267024129629135
-0.08941561728715897
-0.20298239588737488
-0.19079545140266418
0.2404596209526062
-0.2822888195514679
0.13947662711143494
0.15564808249473572
-0.06560950726270676
-0.11959384381771088
0.24428166449069977
-0.28437983989715576
-0.09456561505794525
0.14875686168670654
0.03735467791557312
-0.0647328794002533
0.1672472357749939
-0.08991067111492157
0.044436171650886536
-0.23492848873138428
-0.18242213129997253
-0.1923350691795349
0.002003861591219902
0.17060711979866028
0.4079972207546234
0.08327314257621765
0.01330837607383728
-0.38461655378341675
0.2538972496986389
0.16089028120040894
-0.04171058535575867
-0.027338949963450432
-0.1530769169330597
-0.08706709742546082
0.3385193943977356
0.04300650209188461
-0.27035635709762573
-0.2370050549507141
0.007972249761223793
-0.023605436086654663
0.21092304587364197
0.006241902709007263
-0.02947167307138443
-0.08138498663902283
0.0674736350774765
-0.07757584750652313
-0.06250710785388947
-0.22586461901664734
-0.028307337313890457
0.39603933691978455
0.3034592568874359
-0.2666313052177429
0.12323133647441864
-0.5038926601409912
0.0867016464471817
0.11219778656959534
0.05508390814065933
0.10555072128772736
-0.053299687802791595
-0.041799236088991165
0.07404787838459015
-0.33080020546913147
0.06803056597709656
0.06141398102045059
0.010632868856191635
-0.07387085258960724
-0.06263384222984314
0.11548683047294617
-0.03793943673372269
-0.03384868800640106
-0.20163744688034058
0.1273304522037506
0.10794800519943237
0.03429272398352623
-0.018470540642738342
0.10314103960990906
-0.04299172759056091
0.19435004889965057
0.18754342198371887
0.013879597187042236
0.37960922718048096
-0.13404180109500885
-0.2842618227005005
-0.11806793510913849
-0.0369296669960022
-0.3996376097202301
0.14674177765846252
0.29145318269729614
-0.07540543377399445
-0.012942204251885414
-0.20695500075817108
0.06546074897050858
0.34459951519966125
0.18365001678466797
-0.1701202690601349
-0.22170081734657288
0.01929084211587906
0.021168164908885956
-0.2052261233329773
0.07489591836929321
0.16132283210754395
0.2480260580778122
0.37544795870780945
0.17564833164215088
-0.11498401314020157
-0.10580077022314072
-0.15483270585536957
-0.18193191289901733
-0.3632911443710327
-0.05811014026403427
0.23709946870803833
0.1284821778535843
-0.09393918514251709
0.04442533850669861
-0.2098223865032196
0.20877718925476074
-0.24342527985572815
-0.16493409872055054
-0.3072029948234558
0.3148477077484131
0.1728523075580597
-0.18529650568962097
-0.061304621398448944
-0.11203677952289581
0.06638528406620026
-0.1879200041294098
-0.08566400408744812
0.018297072499990463
0.4554697573184967
-0.038791775703430176
0.07316523790359497
0.013296250253915787
0.13405588269233704
0.08100992441177368
-0.04001860320568085
0.10772517323493958
-0.14188933372497559
-0.23102688789367676
0.19821171462535858
0.08292081952095032
-0.15806958079338074
-0.005547374486923218
-0.13534049689769745
-0.25345510244369507
-0.055914632976055145
-0.03488615155220032
-0.028215929865837097
-0.02229321002960205
-0.005157549865543842
0.07613469660282135
0.13583841919898987
-0.2882039546966553
0.14756613969802856
-0.04957011342048645
0.11198451370000839
-0.25592246651649475
0.1317409873008728
-0.20522111654281616
-0.25844109058380127
0.1473468393087387
0.023319825530052185
-0.3016751706600189
-0.20410415530204773
0.3135026693344116
0.0421820804476738
0.27449607849121094
-0.015979129821062088
0.23496893048286438
0.21913406252861023
-0.172908753156662
-0.052314236760139465
-0.03897624462842941
0.1869264543056488
-0.36338552832603455
-0.40518808364868164
-0.14555677771568298
-0.10776505619287491
-0.12177616357803345
0.16192743182182312
-0.2087419629096985
-0.1557064950466156
-0.06914107501506805
0.06106630340218544
-0.14047876000404358
-0.1522747278213501
-0.3659663200378418
-0.024717411026358604
-0.17831262946128845
-0.024232499301433563
0.019870027899742126
0.0008562952280044556
-0.14026767015457153
0.1868937909603119
0.35756629705429077
0.12073447555303574
0.0022370032966136932
-0.2229902744293213
-0.014722049236297607
-0.0659269392490387
-0.09421176463365555
-0.09279121458530426
-0.1647719144821167
-0.003427281975746155
-0.1315298080444336
0.07006227225065231
-0.03403212130069733
-0.023584336042404175
-0.016239717602729797
0.0408015176653862
0.23656484484672546
0.22657787799835205
-0.040793854743242264
0.2432529628276825
0.013245485723018646
-0.25030767917633057
-0.04426690191030502
-0.21192672848701477
0.09247703105211258
0.272357702255249
-0.07351008802652359
0.07812938094139099
-0.05815518647432327
0.2304435670375824
-0.048619359731674194
-0.23767977952957153
0.057568177580833435
-0.12398320436477661
-0.17473627626895905
-0.22690731287002563
-0.34138619899749756
-0.038549087941646576
0.2737743854522705
0.4020196497440338
-0.09495283663272858
-0.03037211298942566
0.13567209243774414
-0.3910170793533325
-0.1430533230304718
-0.042763203382492065
0.16324403882026672
-0.08813177794218063
-0.40609171986579895
-0.1173672080039978
0.0746433287858963
0.09346337616443634
-0.07390794903039932
0.042494650930166245
0.0474793016910553
-0.42163461446762085
-0.12890760600566864
0.12503930926322937
-0.08616328239440918
0.21452903747558594
-0.2363586127758026
0.2002049833536148
-0.2839602530002594
0.05908815562725067
0.14529646933078766
-0.1323513686656952
-0.030809849500656128
0.04521192982792854
-0.016979992389678955
-0.2093983143568039
0.006449799984693527
0.06835687160491943
-0.33584681153297424
0.17176124453544617
0.1671767383813858
0.12022954225540161
-0.1094958484172821
-0.043796129524707794
-0.042332470417022705
-0.05522714555263519
0.06872635334730148
-0.09307485073804855
0.18703415989875793
-0.03981160372495651
0.08804982900619507
0.12390294671058655
0.051632724702358246
0.21510817110538483
-0.14303480088710785
0.13576406240463257
-0.0245472751557827
0.014568716287612915
-0.1324995458126068
0.03399151563644409
0.367759108543396
0.2807040214538574
0.005841754376888275
0.08230943977832794
0.3212982416152954
0.20115715265274048
-0.3478035628795624
0.42688581347465515
-0.3258918523788452
-0.2689112424850464
0.02206532657146454
-0.12589599192142487
0.03043980896472931
0.16932439804077148
0.049521587789058685
0.11033838242292404
0.12126816064119339
0.2364896833896637
0.19610318541526794
-0.12357626110315323
0.1235923245549202
0.026095271110534668
-0.012145087122917175
-0.10659858584403992
0.2638327479362488
0.047907911241054535
-0.07713267207145691
0.08266445994377136
0.12459228932857513
0.12296950072050095
0.18768131732940674
-0.1391444355249405
0.15914034843444824
0.05365857854485512
-0.08677352964878082
0.039563022553920746
0.0005649328231811523
0.03361255303025246
0.09153285622596741
-0.08796465396881104
-0.05025343596935272
-0.39893823862075806
0.1467120349407196
-0.01826297491788864
0.2073844075202942
-0.06366319954395294
0.13617707788944244
-0.03166338801383972
-0.03410394862294197
0.04593629017472267
-0.09765484929084778
0.024886954575777054
-0.10588259994983673
-0.3113517165184021
-0.06995411217212677
-0.10325631499290466
0.17477089166641235
-0.17526398599147797
0.0914517492055893
0.1728728860616684
-0.4637335240840912
0.18519674241542816
-0.07728327810764313
0.16844433546066284
-0.10221599042415619
0.14754317700862885
-0.26220211386680603
0.23749689757823944
-0.14115393161773682
-0.04968543350696564
-0.16484273970127106
-0.007428240031003952
-0.01078469306230545
-0.2268766164779663
-0.3170549273490906
0.3633628487586975
-0.10067389905452728
-0.09052831679582596
0.07429593801498413
0.5691861510276794
-0.08640500903129578
-0.31450459361076355
-0.09585057199001312
-0.2625972032546997
-0.09037494659423828
-0.021710172295570374
-0.15906929969787598
-0.03516460955142975
0.22817203402519226
-0.15032124519348145
0.15986938774585724
-0.027563422918319702
0.0029855147004127502
0.03269457817077637
0.06908446550369263
0.0706574022769928
-0.13855065405368805
0.34620732069015503
0.1561037302017212
0.10981622338294983
-0.18282681703567505
-0.04782557860016823
0.33535727858543396
-0.44322118163108826
-0.06488579511642456
-0.09506674110889435
0.12350774556398392
-0.06558975577354431
-0.22745132446289062
-0.17774587869644165
-0.2177499532699585
0.0755503922700882
-0.12254016846418381
0.14236551523208618
-0.039531558752059937
0.013152699917554855
0.22859764099121094
0.1970899999141693
0.08589546382427216
0.12575945258140564
-0.20463040471076965
-0.0173644982278347
-0.14642152190208435
